function c = speed_of_sound(T,S,z)
a1 = 1448.96;
a2 = 4.591;
a3 = -5.304E-2;
a4 = 2.374E-4;
a5 = 1.34;
a6 = 1.63E-2;
a7 = 1.675E-7;
a8 = -1.025E-2;
a9 = -7.139E-13;
c = a1 + a2.*T + a3.*T.^2 + a4.*T.^3 + a5.*(S-35) + a6.*z + a7.*z.^2 + a8.*T.*(S-35) + a9.*T.*z.^3;
end